33.661704930100605
5.1730768164953265
20.385986383630765
6.389563884603036
26.707957003092407
17.706919584063712
23.428341824148767
8.334296616510095
6.911580594171098
20.386549765067638
15.153516783875993
31.78963992894031
31.93915307768507
24.920625243054314
30.022937365584465
5.651644270227165
19.691742621803503
24.826132698873433
29.94149979348251
11.253531580235496
10.978895508537695
6.601692022682777
2.565374788681665
28.807221675690457
21.260834555993178
27.41123944163343
13.278042296417862
19.98903947880047
4.330230715329732
20.976376931864834
28.458446667113172
32.03511610455802
11.328503675449133
31.482529371182483
9.191151804014755
35.119738145633185
36.349124301172765
28.018598931830905
20.753923661128052
35.05627883900992
11.138479267254558
32.37881040892463
22.686312852149356
2.5730677178414214
13.831392550592973
7.2787340694152585
31.75160675139406
14.373225355885353
15.776145857098225
19.51342707794404
15.4336502781751
7.437699145192692
29.988098162810886
9.1394206062282
18.403647762009864
10.40697142943678
5.345328863758675
25.185562244229654
39.681423639273845
27.461086704497767
