14.394930971984197
4.82104783756836
10.000348081229056
4.345909538999783
13.851886737729874
6.4921252591082705
9.408145080635185
5.012975030407915
4.475655132341141
8.504320548029046
6.982732846471744
20.172389278953155
11.092434866470157
17.2612193693236
20.06676936145814
2.6028999373157804
12.470073344239236
8.982146817870774
23.117255512426173
7.6459922861844944
5.303372267150094
2.513299032857611
2.2725363204835194
22.59877348071126
16.904909320143233
16.631559071546594
5.090193097033542
13.917878996702195
2.931487856840306
7.790630460800935
25.393805459853617
16.666651406588105
9.917602868229993
21.557548510433943
6.625631146016675
17.295521797566565
15.661138638858667
16.740733023141072
15.39892111907829
13.532407458862384
7.805555242643075
14.917310912034198
12.825398435644361
2.1020120278624526
7.877516863950223
4.276449838941157
22.32169212933685
14.023660303154038
13.590813783333573
17.09967125839086
7.364164634435395
3.5442147107728523
15.93990623009564
4.542822900812457
11.673620347859394
5.033197048274923
3.644739845437061
22.78620514427619
13.937470300905805
25.54148085671524
